01111000
10011100
10101011
11001100
11001100
01001110
00101101
01010110
00101000
01001110
11001110
11001111
01001111
10101010
01010100
01001000
11001001
11001111
11001011
01001110
00000101
01010001
11111001
00001010
10111001
00010000
01100110
01000110
01101001
01101110
01000001
01001001
10100101
01000010
01011001
01100010
01011110
01100110
01001110
01001110
00100010
01001000
00000110
10101000
00101100
00100011
10111111
10101000
00111000
10110101
00010010
00000000
10010000
11111101
00010110
01011001